62,35
3,2
3,1
3,3
10,68
10,98
10,240
10,170
10,90
10,94
10,26
10,286
9,4
9,6
8,13
8,4
8,18
8,15
8,6
8,14
8,2
8,3
2,2
2,1
2,3
57,5
57,4
57,3
57,2
57,1
57,0
51,3
51,2
51,1
51,0
37,3
37,2
37,1
36,5
36,3
36,1
34,3
34,1
33,4
33,3
33,2
33,1
32,3
32,2
32,1
20,3
20,2
20,1
19,3
19,2
19,1
18,3
18,1
14,3
14,2
14,1
13,3
13,2
13,1
12,3
12,2
12,1
11,29
11,28
11,27
11,25
11,24
11,23
11,22
11,21
11,20
11,18
11,17
11,16
11,15
11,14
11,13
11,12
11,11
11,10
11,9
11,7
11,6
11,5
11,4
11,3
11,2
11,1
10,267
10,261
10,253
10,115
10,9
10,1
10,7
10,3
